10
5393 3190 7142 5286 3511 6181 8170 4859 4792 2336 2362
7596 9238 1654 7061 0840 6848 1481 4925 7249 4966 4472
3297 6822 6247 0627 7489 9559 0693 9945 2189 5459 5647
9772 0052 1868 6421 2763 8424 1441 7702 8918 2616 4178
2148 8236 7316 7422 7102 8063 5179 3831 5220 1054 6207
3404 6501 7209 7743 6141 0947 6527 2443 9385 8557 6354
0306 8450 6675 9345 1334 8023 7956 5500 2870 8104 2402
4818 7570 4004 7356 4645 5433 0413 8130 7636 6461 9986
2148 8236 -7316 7422 7102 8063 5179 3831 -5220 1054 -6207
5032 6929 5927 1588 4605 8211 2082 5780 4686 2656 8745